19280,11019,13054,15398,12566,14136,12081,9006,11219,9736,15991,17976,15743,10607,14650,10485.5,10731.5,15142,18000,9468,10962,19047
13050,15674,18320,12612,19274,17515,15917,11724,15757.5,19791,13239,15274,9138,11160,19926,14684,13165,18436,7702,15139,17811,11478.0,11692,17253,15806,8900,10744,14518,14239,17084,8332,18099,16912,12832
7768,8529,18068,14640,14761,17582,16044,15696,18765,12123,9122.5,14329,15116,12404,12833,19138,18176,10476,17675,11044,8707,9008.0,9309,14331,15815,16891,8910.0,15552,14953,9987,19989
8684,9538,16600,15209,12030,9502,19168,11719,19972,14209,18715,10480.0,14719,10240,12178,16088.5,19999,18504,9507,11283.5,13060,7707,15366,11104.5,14884,14525,13441,8728.0,14521,11701.0,18713,12118,18398,17862,18733,13269,8817,11180,17015,16736,12809,10754,12901,15772
13418,17165,18161,8125,12834,10658,9573,13171,7927,11077,11450.0,11823,13734,18006,18162,7903,15629,15597,9015,10837,14906,8735
11456,18980,18977,9488,11951,11917,8400,14365,18361,7700,12546,11013,15970,13933.0,11896,10470,10945,18713,17844.5,16976,8163,13803,8137.5,15756,11886,14945,9335,10464,13006
15394,14897,19901,17130,7730,18736,19599,9529,13656,11552,12713,17640,15411
9647,11763,18698,15045,9316,15262,11613,7892,17775,15986,14335,19651,19682,19575,18820,7880,7986,10551,10510.0,18769,9038,19220,16559,18586,15319,9371.5,11869,16496,13990,11513,13008.0,14503,9107,8306,12644,12972
19010,14417,8243,13677,12874,19432,13828,13377,13087,19842,9476,16801,10623,16550,10177,8938,17991,8557,11280,17894
11178,15811,14266,11471,18235,18790.5,19346,9717,9550,16190,19357,17211.0,15065,7753,9713.0,18918,14790,10533,13407,14373,15434,12262,10477,16640,14491,10498,8029,15911,16989,17319.0,17649,10053
11625,19060,19119,9081,16058,18733,19612,19680,14553,12225,14589,17564,19389,18795,8071,10376,9677,12083,7943,19589,16762,13840,14432.5,15025,15600,16904,8390,19468,13968.0,8468,13410,14598,14197.0,13796,10028,10563,13536,17559,11742,13949,16934,7704
9737,15288,14915,9191,15254,8045,19931,17623,13342,9544,9796,19217,16927.0,14637,7972,8201,12279,16829,15690,11169,8551,15978,7607,9677,18689,17964,13954,8148,11408,17754,17252,17491,18088
14224,18450,16374,13880,19386,9459,9662.0,9865,12192,10586,15500,10820,14425,18982,19649,8133,12404,8520.5,9928,9014,8464.0,7914,15736,12300,10574,18371,19534,19596,10737,13820.5,16904,12087,10333,11838,7672
16042,16785,16325,10056,15602,14064,19957,11502,17904,11315,10689.0,18985,8216,9753,16191,10333,8605,17998,11048,11300,14381,18110,14734,10123,11697,10914,8248,15748,16610,8124.5,13588,8229,9433
11471,11788,19232,11917,14762,8121,10941,8371.5,10202,19532,19347.5,19163,12440,12012,10506,10545,8282.5,9571,13551,8103.5,19368,7703,15453,18342,15409,12047.0,8685,15402,13676,12590,8191,13089,8231,9428
7680,10108,10498,14308,8432,19191,18149,12403,10565,7790,12713,11229,17015,10523,19181,15736,9714,19453,13053,12260,14802,19866,15242,8118,18742,19582,13112,18308
16608,19715,13549,17056,19956,18515,19637,15479,15038,13088,10914,10936,11793,12253,13157.5,14062,12752,7625,8013,10480,19078,11490,8947.0,15552,8692.0,8776,19716,13791,17536,9255,12087,11224,10703,18151,17386.0,16621,11859,12753,19478,12581,8404,8808,7943
12012,16777,8220,11584,10061,9398,19979,11076,9190,15236,9888,19334,16163,7995,17053,10011,13514,11805,10111,11432,16767,8678,19679,17270,8203,7675.0,13025,11221,10330.5,13577,18709,13538,8608,14985,16722,12345,19485,18335,12738,9187
13628,12997,7761,18325,11365,14481,17113,18572,17645,17506,18730,12788,14578,15362,11662,7599,10409,12075,10441
17180,19088,18597,7720,9530,10975,15801,9860,17057,9649,15205,7644,14516,7997,8501,14533,17853,19853,12203,12368.5,18994,14558,9377.0,15566,12535,14525,13990,18093,19829,15452,16364,15992.5,15621,10238,10913.5,11589,13937,10864
13620,16485,10170,13793,9563,16443,17130,11921,14380,16806,13436,9549,12493.0,15437,16606,10050,13454,16696,19551
11152,8008,10841,13984,9976,10826,11325,15737,8169,9988,16845,11603,18562,13803,9704,8525,16010,18135,18609,19425,19372,16726,17300,10654,10970,19147,10972.0,8503,11035,15809,8205.0,11757,13248,19403,7850,12208.5,16567,11003.0,16879,11992,15770.5,19549,15206,11461.0,19022,18705,18000,15072,14822,11544
12041,10745,10874,18376,11152,12439,17420,15866,17603,16611,19704,14139,16383,7734
8438,11807,17506,9990,16960,16724,14409,11951,7991,14573,15916,8203,10578,14912,14402,16854,17372,14409,12344,19432,13635,9565
10112,11139,13315,12670,8138,10453,18085,18659,19233,15269,13145,14739,16521,15137,9440,11070,19422,15165,17275,12184.0,17377,17209,9258,10679,10342,16260,9505,19062,15680,17799,10234,17379,18318,10087
12412,11663,10799,18738,8627,17383,15908,8685,12021,18143,16508,16576,14296,13736,11182,13231,8477,15166,10296,7881,11655,17024,16659,13752,12105,9673,19668,18569,12780,10181.0,16023,18900,13051,8308,13003,19157
14613,16458,11471,12589,18105,19084,11694.0,19628,12861,18836,17803,15799,11354,10843,9821.5,12460,7807,12876,9874,9158,17190,11128,13181,12897,16276,14101,7983,14489,13209,9823
10885,19292,12946,11535,7682,16918,19365,12284,11628,9433,7935,7706,8430,8193.5,7957,10484,12398,12169,12243,10723.5,9204,10144,15161,12593.0,10025,12405.0,14785,10498,9494,15632,19647,16650,16822,10557,18454,15775,15929
9576,16493,8265,12388,14170,17463,11332,15044,14979,17942,19840,15303,12345,8928.5,15888,15784,15823,8096.0,16976,10160,19479,16244,10115,9493,19311,15678.0,12045,10149,11593,16178,13478,14726,15718,17800
7872,10371,9975,12981,8845,15796,15023,13758,13476.0,13194,15794,11547,10954,9706,18824,13732,11398,13302.0,15206,19203,17077,8333,8481
7913,19800,14876,12792,9064,18707,8029,13355,9586,10847,17572,9199,14789,17226,17525,11184,12283
8008,17215,18382,16164,19858,10386,9932.5,9479,16710,11065,14224,8547,10931.5,18902,11362,9306.5,16069,12447,12217,11427,10992,13655,11750,17604,17142,10510,15061,9795,9548,15179,17233,7978.0,14816,16042,14994,12437,9952,14783,7710
17061,13309,8793,17219,9498,16690,13840,7797,8401,18805,13133,12089,7754,15787,9028,16457,16094,11219,14502,16739,9544.5,8194.0,13498,15931,7819,7797,12678
11566,15388,11006,8356,12257,8209,19759,17754,7820,19574,8859,16175,7681,13635,12381,14675,17672,13131,9581,13835,12974,15480,18256,19098,11042.5,17863,19362,10237,16678,14574.5,12471,14810,8901,7948,10425,11968,17736,14850,18043,14202,13271,9831,10889,16788,10856
10578,17030,9360,12006,17730,9633,12345,16573,13110,10170,10061,8830,18485,19942,16439,15321,16033,10825,7852,17199,15530,16804,16666,13196,17113,10489,8909.5,12220,17160,15593,14658,17129,17387,12304,19369,17433,16206,17470,17440,19762,11230,11058,16108,12766.0,9424,16142
17914,19823,13470,14490,13470,12846,14886,18512,11122.0,12745,11087,14348,8884,7925.0,9134,9974,9912,17796,13683,11021,13502,14224,16713,17361,12609,14600,12058,16104,17971,15787,19138,18479,13202.0,7925,10707.5,17912,13874,17340,14215,15599,17249,14445,17561,14548,13974
9038,18950,17646,13986,9052,19870,17740,10500.5,12642,16647,13941,7654,16859,13275,15672,11289,9612,15673,9831,13808
17417,16461,12825,9484,8414,10580,12152,12476.5,12801,19575,8279,16424,16676,9638,19038,18292,12224,11747,15623,12554,14945,13642,12544,9108,17694,9364,10725,9264,18950,19754,10556,10895,13401
9356,17671,8617,7739,10370,12989,18774,18640,14148,8073,11100,13055,8320,19039,12255,17273,15470,18207,15205,7784,18687,18610,19372,12943,8613,10727,19538,19225,17841,18968,18455,11914,9664,19071,19374,13029,19021,17684.0,16347,12721,7618,16958,13509,10471,15970,15781,17178,9760,13490,16366
18777,9537,16579,14895,15354,9957,12256,15705,15951,8996
10743,16080,15748,17590,16575,18524,14842,13844,18571,18947,11367,16468,16211,10566,19779,13635,18220
8156,11034,18694,16793,7608,8393,11146,15886,8290,14252,7886.0,14546,12981,15431.5,17882,16361.5,14841,14189,12822,14141,8578,13522,17817,15749,11335,14762,12016,13609,15332,16146,18651,8919,9404,14855,16535,9560,10432,13369,11268,12327,15755,16903,13404,17205,13602.5,10000,12127,19093,13877,7808,18615,11196
10117,7588,12545,13421,14168,19531,11900,18031,17496,11420,18419,9805,8948,12743,15539,14740,12420.5,10101,17873,16446.0,15019,19120,13129,16993,8212,9115,12052,13645,17209,15749.0,14289,10215,14738,14909,12502,10283.0,13954,11823,8187,8298,10201,17809,19974,16086,14087,12554,19897,14038,11786,9026
13182,9097,15711,9327,11723,9269,9601,13362,9760,12406,11688,11238.0,16213,8790,10145,14748,19039,11746,10044,12925.5,15807,16283,10634,7746,17777,8332,13931,18763,14157,14962,7842,9526,11711.5,13897,15432,10592,18251,19488,13929,9255,19805,11665,10328,15787,18972,19066
7763,13221,12280,13788,13940,14459,8479,9230,16599,8674.0,12728,11609,16240,17478
16098,10927,8405,17848,13253,18292,12315,11099,12344,10156,15924,9687,16380,17587,7844
19092,15067,12685,12042,7931,10184,17709,11328,9571,17624,8516,17362,11646,14689,13698,10166,9084.5,8003,18124,17290,15692,10691,9077,19399,15310,14170,13599,16657,17715.0,18773,14269,7575,9438,12632,16477,8643,18107,14502.5,10898,10050,10571,14888,14054,15206,13957,18257,8168
17767,7785,12213,11068,10654,9463,12564,17800,11217,15890
17315,13949,11787,18093,10362,17748,16866,19597,15566,17064,15035,9891.5,15022,11707,11822,15384,14380,12872,15229,11894,17194,19942,11581,11767,12089,11544,9564.5,7585,19979,11701,12361,10775,14191,10153,15869,17945,9912
13149,17012,14232,12798,12071,9530,16673,7872,16208,10080,8610,17814,18171,8281,8889,9475
7650,19009,12307,8949,19008,16328,10599,7825,7904,8276,13042,10127,15956,19312,18145,8699,10654,19781,16479,12573,15015,18093,11735,12885,14979,12817,16775,19150,11519,15151,12353,17117,9310,13585,19397,12061,11517,10398
9350,12508,15716,8425,11230,19033,15089,7836,18595
15807,10346,19729,12193,16218,19580,9428,11654.0,13880,17860,13505,18865,8996,18526,17097
8698,13891,12576,12563,17397,15563,14383,9424,13737,17515,14784,14947,16935,15933,9702,18542,16077,15375,17017,13182,19321,9170,11701,10713,16741,14770,17368,17780.5,18193,11211,18477,16112,7990,15679,11449,10505,13203
13721,10946,18832,11352,12085,17647,19376,10703,9792,11934,7945,11431,14034,8820,18281,10417,17311,15014,9287,11947,11921,9415,14670,10674,10142,16126,15856,11430,10542
19521,14349,9106,19773,11755,10483,11065,18456,9408,19641,17252,14640,19384,17627,13496,16365,10656,12289,17022,12888,10793,8533.0,16138,14814,14690,19072
12705,15634,15498,17775,14282,9666,14462,19212,19147,13491.5,7836,18027,9612,13078,16339,15571,13178.5,10786,15414,10414,12351.0,14288,10337,19124,11925,12239,9302.0,13799,13223,11844.5,17492,8827,13471,12440,18602,18913,13289,15779,12717,11370,17664,15531,17875,15721,10644,10598,11013,13272,11792,8571,12927,13497
12352,14287,15889,11392,16460,10088,11584,8912,16923,14383.0,11843,19082,8374,12527,19776,12748,12865,11985,17557,9383.0,14953,11524,17624,8065,14216,11579,12345,8773.5,16443,10639,16151,15782,12021,9041
18962,19035,19035,10332,7898,10556,9792,10824,16104,15524.5,14945,19378,13005,19642,15549,18700,16624,19548,14319,16689
19796,7877,14380,13421,13665,14682,13261,18299,10546,8360,17089,10321,15530,18676,15469,10786,18348,18447,13308,7667,18981,18350,19807,10080,19007,17966,12660,19943,15221,7735,10973,16405,14897,8385,17846,11729.0,19013,19891,10723,17776,19492,15969,15187,9893,14411
11547,9462,11768,12483,8306,16891,13878,9181.5,11558,17083,18585,15117,16479,13719,16458,10048,16655,15106,19153,8339,12489,14583,10121,8825,11783,8167,18996,13306,8655,12054,17534,10548,18681,18583,10638,18511,13156,16036,8421,12221,16540,18186,17139,9004
17400,13323,19731,12003,10258,11448,15030,15724.5,16419,11510.5,18665,16466,11315,12634.0,13953,8648,8087.5,12540.0,17553,11947,10504,16767,11417,7837,7851
18123,8605,15736,12762,10058,15090,10184,14054,10805.5,15143,12068,14002,18391,18421,9241
7810,15610,8611,7708,11572,11225,15736,12130,17483,19737,7886,10554.0,13222,13468,9734.0,14829,15924,17685,18760,18409,16241.5,14074,12284,15075,8810,14192.0,19574,8892,12894,13654,16414,15080.5,13747,15911,8113,7710,14373,7950.5,8460,9984,12849,13408.0,13967,10219,9335.0,8451,9098.5,9746,8161,10057.5,16288,14583,13411,7721.5,19815,13914,19236,7857
9020,11284,14341,12056,7731,8658,17269,19790,17625,15314,17525.0,19736,17898,15813,12349.0,8885,12517,15812,18410,9051
14178,19451,12612,12582,13097,17687,16208,18981,9635.0,15759,9223,17738,17234,11808,17007,10795,13094,12089,13113,12625,9343.0,13436,13032,18429,16889,18896,7746,9652,12176,10998,12506,18552,18803,9497,11176,11196,19772,12114,14371,12828,19809,17791,17154.5,16518,15027,14104.0,13181,14154,16746,8236,9328,16607
13707,13551,16441,11773,8789,9799,8608,18946,8495,8677,12142,16962,9476,10352,12545,16400
12115,15796,10315,10921,17614,11140,16714,16025,16201,10853.0,11950.5,18396,16768,16180,9353.0,11295,12020.5,12746,19598,9923,8401,18242,11728,11957,9333,8825,14314,15680,14101
14701,13283,11259,19013,12962,17615,10262,15281,16108,11076,11613,14548,8799,19463,16038,11390
9597,13618,18320,17256,14120,14175,16413,10513,14165,17687,8448,19132,17285,15951,8991,10563,12767,17036,17277,11403,9485,19180,10215.0,17486,9689,13247,10572,11392,18277,10566,7574,17083,10448,10265,17657,16271,14930,16712,19635,13808,16738,19631,13163,8059,19618,14047,16905,13870
7641,17657,13827,8036,9746,11415,9923,10557,14888,9501,9492,14750,15542.5,16335,19504,12250,12565,18908,12140,9429,17572,18902,16669,19695,14433,17270,14148,12813,14504,12766,8820,12679
19891,17315,11164,14706,9729,8820,11563,11709.5,11856,16636,11104,14172.0,17240,9245,9636,9189
10002,12475,19997,17790,18596.0,19402,8836,19044,8378,19372,14918,19386,7754,15362,7984,11454.0,18334,15535,12955,11697,15039,9442,19970,18332,10606.5,17373,14562,18171,12658,8188,8913.0,14730,12686,16104,15942,17745,18662,7854,13731,19867,12715
18078,7788,12712,17301,16417,17930,8093,10106,15080,16382.0,17684,19359,9114,13129,15973,13979,7753,19421,13720,18564,14541.0,10518,16610,11375.0,11830,19848,11832.0,16379,19661,7767,12960,8765,8970,15221,16800,13750,7818,13699,10196,12047,16283,17504,19232,16352,15742,19640,9145
