55353402.074074075
-40334754.325
43460627.63934426
-50177045.282608695
-272177372.8082192
111946107.91549295
218227212.7352941
12290609.141025642
58702650.52941176
107609197.87142856
-81709580.84444444
114400162.13793103
114945781.50980392
183360576.63333333
-15304024.253731344
-246293409.1551724
-364735118.28571427
-225785913.5172414
-342383524.25
-217104867.625
7697018.862745098
22110576.186666667
46926015.921568625
250514693.5942029
-333194973.6351351
-79047196.28205128
215377969.82352942
-268545720.45
266475094.20930234
-82107121.72727273
156694271.17948717
349713217.4722222
-1968174.051724138
155323331.6111111
-28396071.545454547
33392331.133333333
22789966.984375
117644339.88461539
99591090.6724138
285050999.6956522
102481301.53846154
106015971.57142857
-114611037.58928572
137082458.8627451
-70080161.35555555
-190424571.94
126941446.3275862
74481831.41666667
190331423.4642857
79445299.91935484
76720139.34210527
224723847.3529412
-331000703.78846157
-193374919.72727272
124243880.6
-51009535.86
13228253.896551725
-72339441.8888889
229105875.91428572
-275818012.6363636
46785655.60869565
-294827927.0
196102523.1707317
224043015.57142857
160760842.3
-127936582.65789473
-184549104.76785713
123804269.89705883
-64831304.17391305
-96983839.72307692
-120726322.4528302
427522022.55
-242523045.13207546
-22269386.307692308
49229403.06818182
-198884663.93333334
-14056329.875
-163950318.33333334
51162105.93939394
170978710.32467532
-57884279.95714286
-157762127.0925926
-168423846.97368422
233258890.1851852
61172379.30555555
-94413273.01587301
136897889.3469388
